-0.2066142 -0.1035393 -0.0258631 0.09765451 -0.0969537 -0.0809688 -0.05948802 -0.08476662 0.1111842 -0.02168499 0.2895855 -0.3815937 0.01999537 -0.0169245 -0.1271184
-0.1981574 -0.8812715 -0.7999154 -0.7610215 -0.7807503 0.04827507 -0.17831 -0.2057154 -0.02678448 -0.2021291 -0.2500093 0.03999952 0.0196313 -0.01049764 -0.356844
-0.08444542 -0.594532 -0.5327607 -0.5868001 -0.4463405 0.06459235 0.03855392 0.03662719 -0.0001273021 -0.1269217 0.4031145 0.4527703 0.01744936 -0.01184194 -0.5993357
0.6170582 -0.04803558 -0.3053128 -0.3164365 -0.3952279 -0.07632773 0.06689893 0.01898245 0.05804745 0.001427729 -0.7264339 -0.1375228 0.01742968 -0.01367101 -0.1431393
-0.1099201 -0.4334937 -0.661777 -0.3222714 -0.2309192 -0.1164481 -0.3022882 -0.1672078 -0.02739603 -0.07851295 0.08032098 0.04051822 0.01753553 -0.01036595 -0.4576199
0.07532438 -0.9177096 -0.8150187 -0.8945237 -0.6825417 0.08910691 0.1945883 0.004594093 -0.02229417 -0.2572924 -0.2916549 0.397783 0.01742315 -0.01080465 -0.9977241
-0.3076034 -0.2344908 -0.155398 0.1152555 -0.07973082 -0.05504982 0.05393873 -0.06101081 0.03096658 -0.1540943 -0.3592783 0.1844433 0.01781967 -0.01525803 0.3816262
-0.1480352 -0.310274 -0.1968176 -0.4460097 -0.249449 0.0191437 -0.1560895 -0.08137579 0.02739641 0.03947343 0.7669541 -0.3634868 0.02123688 -0.01497362 0.06295231
0.8973942 0.9198484 0.5031145 1.04109 0.8152071 0.02137833 0.4176893 0.0656363 0.05949163 0.3669612 -0.226094 0.1811075 0.02197146 -0.03415524 0.1780752
0.6003161 -0.4703755 -0.2860868 -0.4450379 -0.3636202 0.04952971 -0.1132759 -0.07165315 -0.0220109 0.001904509 -0.1085611 -0.1401122 0.02236078 -0.01114553 0.297804
-0.3716992 0.2726747 0.1643029 0.1067788 0.2549618 0.04066448 0.001905391 -0.0747141 0.02168574 -0.1633055 0.1937664 0.1994049 0.0173715 -0.01210717 0.2006709
-0.653233 -0.9003482 -0.7913736 -0.6713031 -0.6493373 -0.133135 -0.4368859 -0.2609588 -0.04259814 -0.1870551 -0.07415819 0.1193463 0.02112657 -0.01122288 0.159674
-0.68231 -0.1748455 -0.2256277 -0.272708 -0.2056843 -0.1294034 -0.5682393 -0.2561591 -0.002364191 0.03018341 -0.4973586 0.2099157 0.01721529 -0.0121674 0.3739229
-0.4848267 -0.2192824 0.05474046 -0.04498016 0.1692874 -0.05408398 -0.228678 -0.08698558 -0.03570257 0.1039393 0.1987906 -0.1444684 0.01825469 -0.01200894 -0.06218085
0.07611551 -0.2192968 -0.4457604 -0.2253908 -0.2367513 0.1379802 -0.08386302 0.040563 0.03360512 -0.06123644 0.1066266 -0.1972233 0.02024389 -0.01836673 -0.1146611
0.06673447 0.5572251 0.1306488 -0.2577147 -0.1796541 0.2645848 0.09226763 0.1920027 0.09570013 0.4006563 0.3336786 -0.3778392 0.01851431 -0.01240095 0.32208
0.1895405 0.08738294 0.238308 -0.3172245 0.1161181 0.2428996 0.250166 0.3147675 0.03239914 0.04872799 -0.01570334 0.2560951 0.02087902 -0.01529309 -0.2901935
-0.3759705 0.9319966 0.7053964 0.566476 0.5797541 -0.08776459 0.1041897 -0.1403293 0.0228676 0.1478294 0.00976138 -0.7655486 0.01713495 -0.01984817 0.09721076
-0.4114581 -0.7087445 -0.8404596 -0.5361095 -0.5663874 -0.06607358 -0.1351789 -0.2337725 -0.02560059 -0.2161509 0.3539533 0.07409008 0.01874214 -0.01423749 0.162823
-0.4489449 -0.08950336 0.3681243 -0.1448663 -0.03306902 -0.03690072 0.01427548 -0.08157409 -0.0414277 -0.1077121 -0.3007194 0.4700274 0.01842258 -0.01045323 0.1432509
-0.5463808 -0.09098835 0.226106 -0.4924613 0.2226392 0.05512791 -0.1935903 -0.1657614 -0.04596072 0.2777656 -0.0845348 -0.4541002 0.02076512 -0.03047798 0.2443487
-0.3363221 0.2942308 0.01971111 0.4073024 0.127337 -0.02505874 -0.06873687 -0.1095559 0.009719264 -0.02986188 -0.4225614 -0.2732379 0.01726713 -0.01155663 -0.5936963
0.5204843 0.9969799 0.860078 1.265551 0.75029 0.4995346 0.09934288 0.4459734 0.04603273 0.2527391 0.4995887 -0.5115337 0.02666082 -0.01615425 -0.08484346
-0.4957524 0.4098363 0.2107998 0.1296712 0.2652773 0.2357107 -0.2901385 0.1540491 0.02914487 -0.07604904 0.08897561 0.106272 0.01751789 -0.01744587 -0.1376072
-0.3514058 -0.0621432 0.3184847 0.06944502 -0.1555297 0.2734511 0.05311888 0.3151011 -0.02596449 -0.1092896 0.3819944 -0.1067322 0.02973475 -0.02692768 -0.1017853
0.2714188 0.7576393 0.6289336 0.967784 0.9824661 0.1161994 -0.2291003 0.2395349 -0.001576265 -0.1463294 0.6205894 -0.1863836 0.01714708 -0.01113308 -0.2050849
0.2360253 -0.2283093 -0.2765056 -0.4101668 -0.1619705 0.07777276 -0.01621506 0.06334424 0.01212592 0.1673241 0.3391033 -0.06646794 0.03552248 -0.012995 0.6250518
-0.2670351 -0.4441951 -0.4725517 -0.4369115 -0.4010556 -0.06508097 -0.2413924 -0.1609355 -0.009455716 -0.09437947 -0.08767198 -0.2266518 0.01959968 -0.01132924 0.3077628
-0.6604387 -0.3278696 -0.1137646 -0.530049 -0.3659965 -0.1185956 -0.5634501 -0.224379 -0.03966884 0.07030064 -0.5498943 0.07992445 0.01753498 -0.01343441 0.4026608
0.5425868 0.4268677 0.1839531 0.1776366 0.2114747 0.3378619 0.226048 0.3648954 0.01805296 0.2170238 0.4698708 0.5358748 0.01819177 -0.0143585 0.02440286
0.2367394 1.250057 1.459156 0.6426781 0.6505886 -0.01342156 -0.008404525 0.04704414 0.004356589 0.1845455 -0.3296228 0.2444874 0.01721714 -0.01823943 -0.1084927
0.06443275 0.4569326 0.3021948 0.4040072 0.3452843 0.302798 -0.07530286 0.1474201 0.05517049 -0.01622703 -0.5174228 0.5298471 0.03396733 -0.03469439 0.3420569
-0.2251384 -0.03947097 -0.1102757 -0.2899947 -0.2786971 -0.03137075 -0.09463835 -0.1009122 -0.02148534 -0.004553342 -0.9078154 -0.9579545 0.01751002 -0.01753971 0.04843567
0.1669454 0.3734914 0.3127381 -0.003965346 0.3596233 0.1453308 -0.2440006 0.1140921 -0.005567202 0.1150652 -0.3561186 0.0632397 0.02011714 -0.01198954 -0.2249407
-0.6458828 -0.4287171 -0.3794187 -0.4283748 -0.4545974 -0.1266051 -0.4562891 -0.1790753 -0.02955426 0.203298 -0.386802 0.3616587 0.0178963 -0.02400477 0.264066
0.2546589 0.2897439 0.1237704 -0.1166426 0.03495575 0.0692688 0.06749709 0.007046676 0.06530851 0.1684688 -0.1945449 0.3380915 0.01898024 -0.01659679 0.1582144
0.1212214 0.06014543 0.04944077 0.5672431 0.1626072 0.0798277 0.06137683 -0.02512681 -0.02447491 0.05492355 0.1743527 -0.1190854 0.01757728 -0.01560105 0.2826711
-0.04088009 -0.7219619 -0.7692146 -0.5092085 -0.6121682 0.07226681 -0.05649546 0.01761934 0.02258536 -0.2075122 0.00769467 -0.2203601 0.01743095 -0.01175224 -0.2754885
-0.1794451 -0.4646209 -0.3831569 -0.4667586 -0.3959652 -0.01692559 0.1151235 -0.1136905 -0.01988476 0.07494225 0.2002737 -0.4159978 0.01770599 -0.01270999 0.06901091
0.5212415 0.574759 0.8516662 0.8462603 0.3487152 0.2211207 0.1206328 0.2632441 -0.009382638 0.07554808 0.01588156 -0.1254576 0.04351102 -0.02542367 0.9618662
-0.4605159 0.9590695 1.048862 0.5664828 0.4896684 -0.0372613 -0.2356928 -0.107402 0.06965027 -0.1723089 0.6355298 -0.01319553 0.03421962 -0.01270422 0.262928
-0.4376366 0.5520494 0.9110757 0.9791422 0.9660413 -0.01164126 -0.1791227 -0.2237867 -0.02706203 -0.003622155 -0.3892376 0.0453216 0.0172801 -0.01205853 -0.2052933
0.3345159 0.2006885 -0.1219386 0.1730542 -0.06151082 0.102609 0.2998625 0.2392471 0.08045283 -0.04471133 -0.09139949 0.3804182 0.02718146 -0.01423858 1.053247
-0.1976654 0.2238786 0.364934 0.1146198 0.2035686 0.007748816 0.1191064 -0.02176495 0.06806359 0.002583485 0.145841 -0.3053814 0.0187443 -0.02164702 0.473561
0.1071618 0.3782374 0.3585916 0.352407 0.2170486 0.2493349 0.3194555 0.168452 0.05103277 0.1056418 0.1383896 0.06988868 0.02061319 -0.02862212 0.2292678
-0.5118788 0.3563857 0.4036802 0.4457261 0.2912542 0.0768767 -0.357634 -0.0346969 -0.008094887 0.0610866 -0.5316193 -0.1555575 0.01761306 -0.01714943 0.1237243
-0.2097072 0.0309126 0.3892012 0.02400901 -0.02613668 0.1140339 0.2083979 0.03856037 0.04304432 0.09367912 0.01730649 -0.3849956 0.0196671 -0.0122561 -0.06335843
-0.2765667 0.3851749 0.29844 0.02439601 0.2573952 -0.01041848 -0.3095776 -0.1382129 0.02811351 0.445472 -0.2566564 -0.03131529 0.01765557 -0.02014834 -0.7181407
0.3669808 -0.4099351 -0.2021206 -0.3774707 -0.05123133 -0.01539886 -0.1023387 -0.134869 -0.02696593 -0.05645392 0.1087239 -0.1798582 0.01864086 -0.01208989 -0.5569534
-0.2966797 0.05876095 0.01099487 0.2177803 -0.08452282 -0.08710572 0.1267689 -0.1440211 -0.01553747 0.09382204 0.07738798 0.09180196 0.02268816 -0.02188931 0.2661857
0.01158235 -0.8803894 -0.7288657 -0.6998111 -0.7403363 -0.1116422 -0.3025165 -0.2522498 -0.03236343 -0.2385549 -0.4281459 -0.1159581 0.02858804 -0.01728822 -0.1435012
0.4323903 0.4940425 0.6007924 0.3126748 0.4129523 0.1101492 0.1549218 0.08240674 0.05768536 0.03099534 0.01943039 -0.5855388 0.01730473 -0.02457545 0.4618391
-0.06744353 0.05851889 -0.04913047 -0.1984433 -0.1440093 -0.04425799 -0.02837568 -0.03580227 0.05520209 0.1286454 0.240762 -0.03697712 0.02962137 -0.01633128 -0.5510674
-0.2326728 -0.4592524 -0.1417335 -0.4785878 -0.4218287 0.02539063 -0.3242292 -0.1664404 -0.03032752 -0.0095864 -0.2103272 0.05489975 0.01872133 -0.01305999 0.2801508
0.03621633 0.886557 1.021966 -0.0106715 0.4752132 0.07208363 -0.2076986 -0.01025788 -0.02215478 -0.003354258 -0.5465025 0.4023425 0.01761195 -0.01636814 -0.3481127
0.4726524 -0.01282051 -0.1805713 -0.1002914 -0.05982053 0.0707511 0.05344863 -0.01552901 -0.008570944 -0.05452006 0.08649988 -0.1764413 0.01907307 -0.01437819 0.1317595
-0.5992131 -0.5503772 -0.5916403 -0.6623768 -0.519038 -0.1220913 -0.4292617 -0.249408 -0.01014255 -0.189671 0.04472858 -0.4190501 0.01912586 -0.01270701 0.4293326
-0.625773 -0.2098175 -0.2444401 -0.3588793 -0.5370274 -0.09936969 0.1876239 -0.2081055 -0.0129931 -0.1991329 0.1254115 0.2101373 0.01769248 -0.01008558 -0.1448307
-0.5598822 -0.2392238 0.04138234 -0.2434949 -0.0005780856 -0.09036303 -0.316764 -0.2297933 -0.03297833 -0.1606432 0.03272819 0.3396005 0.02084867 -0.01148346 0.2781968
0.5105342 0.05848049 0.1880508 0.06794613 0.09219179 0.1914091 0.08269818 0.2386993 0.007070491 0.06954995 -0.1567416 -0.3052374 0.02160279 -0.01369951 0.1215611
-0.525098 -0.5750995 -0.567544 -0.3626006 -0.4885678 -0.1206714 -0.4145852 -0.2702742 -0.02441742 -0.1583639 -0.1353159 0.1188273 0.01759156 -0.01397246 -0.1676644
0.3131533 -0.186957 0.1336098 -0.04250515 -0.2054755 0.05812344 -0.1086881 -0.05337751 0.007570446 -0.01996277 -0.05230709 0.1728711 0.0176353 -0.01477265 0.2573744
-0.1342076 -0.8994441 -0.8165831 -0.9030077 -0.7101895 0.009375783 -0.2663736 -0.0362216 0.01382179 0.08838618 -0.1720198 0.03803604 0.02380905 -0.01055817 0.2204059
-0.3615749 1.109718 0.961736 0.6576522 0.7260554 0.01401105 -0.01621422 -0.1006022 0.04002024 0.112842 -0.1306892 0.3119293 0.01732811 -0.01194701 0.05563893
-0.3971121 -0.589795 -0.3598309 -0.5999537 -0.5078528 -0.07728136 -0.09436451 -0.1665474 -0.02624069 -0.103412 0.05067007 -0.148211 0.02234734 -0.01051266 -0.001409314
-0.3831136 -0.03526064 -0.2173966 -0.2280532 -0.09636663 -0.05220493 -0.06384677 -0.09056733 -0.009491849 0.1015579 0.03533975 -0.01824767 0.01920198 -0.0147407 -0.2395533
0.01166399 -0.5379799 -0.5557069 -0.5647466 -0.563634 0.05266758 0.06400809 -0.1600085 0.02058931 -0.1626449 0.6409264 0.03501525 0.01823582 -0.01114766 0.5356826
-0.1417383 0.6978476 0.8343481 0.6909694 0.6719731 0.0266018 0.03947623 0.1706069 0.05360242 0.07269964 -0.3752797 -0.7276821 0.01976087 -0.0223267 -0.6337507
-0.3482538 -0.06213581 0.1450661 0.3914863 0.1861337 0.0493342 0.01881804 0.008871602 0.02374345 -0.1594665 -0.3223793 -0.420632 0.02424536 -0.01465337 -0.2021435
0.5830061 0.9223492 0.7264136 0.5300936 0.3985306 0.06303886 0.1618062 0.09421791 0.06332445 0.2968613 -0.2190174 -0.1454759 0.01829875 -0.02018022 -0.3206254
-0.6269122 -0.8540881 -0.8023489 -0.7205305 -0.6540725 -0.1092209 -0.3518447 -0.2770004 -0.04332457 -0.1946481 -0.1038025 -0.01784534 0.01741976 -0.01098719 0.1472282
0.4461884 -0.07430804 -0.09775334 0.1670576 -0.1789272 0.1529179 0.119395 0.2353745 -0.01299377 -0.1675761 -0.3236718 0.330403 0.01944624 -0.01129743 -0.2120543
-0.4908217 0.02848875 0.001972277 0.1334069 -0.05041981 -0.06022487 -0.2442594 -0.08019298 0.01713565 -0.03415767 -0.4946906 -0.7785685 0.0176256 -0.01519288 -0.5770796
0.3524873 0.8623397 0.6371614 0.6049347 0.3723143 0.1907042 0.7093853 0.2104356 0.01853286 0.232711 0.1978653 1.305744 0.03998983 -0.0135012 -0.1388747
-0.1569792 0.6136717 0.7772656 0.5295866 0.5156691 0.02029889 -0.2799927 0.02978116 0.02770101 0.1089575 -0.3053883 -0.05455761 0.01735611 -0.0269369 -0.0305789
0.09749323 0.05955206 -0.008851176 0.2500054 -0.03501349 0.04699374 0.0743074 0.02720693 0.02715804 -0.03992879 -0.3919199 -0.2019927 0.02461048 -0.01346612 0.05425474
0.4949634 0.2876635 0.2830857 0.2893514 0.4602357 0.01953422 0.05169502 -0.1002408 -0.01061163 0.131524 0.3312013 -0.1012064 0.02583125 -0.01274033 0.2930774
0.06376058 0.03442196 -0.09510314 -0.05981003 0.09288511 -0.06724723 -0.256902 -0.09204689 -0.01288318 -0.124929 -0.1337937 0.04372191 0.01754268 -0.01547308 0.658424
0.398384 0.4955819 0.7286543 0.4475714 0.6955432 0.2023579 0.08948377 0.426593 -0.004602114 -0.02418252 0.1934251 1.030561 0.03396862 -0.03200416 0.9912651
0.5775927 0.3285725 0.6141629 0.3016296 0.6933548 -0.08327096 0.04934799 -0.02452625 -0.00291071 0.1068533 -0.694055 0.2025068 0.02335306 -0.02408399 -0.5977286
-0.2174912 -0.09479941 0.3500077 0.3396841 -0.2147142 0.07448412 0.2229994 0.2265622 -0.03897275 -0.2300674 -0.6423045 -0.3837193 0.01766274 -0.02488289 0.8122002
0.4443057 0.5351171 0.2719864 1.155147 0.5181348 0.1784468 -0.3732544 0.1332615 0.0172271 0.1315922 0.4298408 -0.3086562 0.01971824 -0.01273875 0.01725842
-0.5238439 -0.6268252 -0.5705935 -0.4901592 -0.4347299 -0.04297502 -0.256529 -0.1947929 -0.02165367 -0.09543044 -0.004894438 -0.2440582 0.01725172 -0.01277416 -0.4606374
0.6176202 -0.5162164 -0.405595 -0.3844893 -0.3545698 -0.01071505 0.1778019 -0.01454319 0.006822432 -0.1646674 -0.2674359 -0.4730196 0.01772545 -0.01228658 -0.4717488
-0.1169525 -0.6193953 -0.6101691 -0.4425505 -0.4547654 -0.03562932 -0.0562177 -0.1311989 -0.02854568 -0.2388574 -0.3312732 0.01833599 0.01818207 -0.01265118 -0.2403417
-0.2606661 0.4938913 0.443283 0.6748715 0.4921811 0.06183353 -0.1761994 0.1079168 0.06962127 -0.07426715 -0.619533 -0.2294309 0.02076544 -0.01408429 0.6665631
0.2399194 0.1032475 0.1111667 -0.01296049 0.06302026 0.3094989 0.00823895 0.09214723 0.01467383 0.1489029 -0.3722973 -0.2276657 0.02171758 -0.0114397 0.007655044
0.2130397 0.7209254 1.288041 1.601692 1.050305 0.4164942 -0.05573057 0.4304314 0.1469917 0.4702162 0.4390901 0.1218177 0.01726691 -0.01111326 -0.2038689
0.02046124 0.1514741 0.1768262 -0.1508467 -0.09259706 -0.009112555 -0.02043036 0.05898205 0.036234 0.1026567 0.5406765 -0.1757151 0.0174494 -0.01733247 0.5745967
-0.197874 -0.09958155 -0.1996052 -0.1437997 -0.2215713 -0.06083844 0.454246 -0.1345735 -0.003778754 0.1172347 -0.4933823 0.09597038 0.02268292 -0.01152774 0.1546009
0.1726071 0.6335006 0.3025128 0.6057087 0.6773484 0.01807067 0.2393953 -0.06876807 0.000162191 0.1348904 0.6581185 0.1527892 0.01980664 -0.01330602 -0.4751857
0.9101644 0.828567 1.39164 1.486224 1.103058 0.1981009 0.644162 0.4947202 0.08778053 0.2843022 0.8701021 0.002853545 0.03406436 -0.02565533 0.965667
-0.08616705 0.0800726 0.1712505 0.1654631 -0.1484879 -0.06099395 0.04991421 -0.1170194 -0.01169861 -0.1543097 -0.5981308 -0.1193666 0.02264766 -0.01862671 0.2088095
0.2736243 -0.04815178 0.08034175 -0.1984768 0.09345147 0.04538026 0.1987044 0.1267058 0.03048076 0.003889646 -0.2212886 -0.02200179 0.02023748 -0.01756374 -0.01423832
0.2778351 -0.01295496 0.08804065 -0.2424871 0.1171359 0.2071552 -0.06345065 0.03888738 0.0002100359 0.05716364 -0.479594 -0.1533001 0.02290507 -0.01238678 -0.5742023
-0.3445625 -0.04069498 -0.1806942 -0.1690687 -0.1386653 0.07633894 -0.125314 -0.08765361 -0.02770026 -0.03340175 -0.1397088 -0.01810873 0.01998477 -0.01627326 0.1135726
-0.03335798 -0.227295 0.006184572 -0.2901446 -0.2536392 -0.0654009 0.001475114 -0.195435 -0.02962721 -0.03640543 -0.4069879 0.06850407 0.01996721 -0.0145324 -0.1241691
0.09663881 0.1463214 0.3154119 0.1676282 0.06002658 0.08398047 -0.179559 -0.03166904 0.03041191 0.09857849 -0.239516 0.4777016 0.0177018 -0.02599954 -0.110709
-0.1173805 -0.2250045 -0.1170169 -0.07426778 0.07635507 0.03813548 0.1451587 -0.04282958 -0.01705367 -0.01485469 -0.2223617 -0.2075831 0.02121081 -0.01382906 -0.1105612
0.2444782 0.3977533 0.444252 0.2890226 0.3774477 0.1280407 0.2450758 0.3013155 0.04268129 0.07101788 0.5952981 0.001715734 0.03064659 -0.0213096 0.4236036
0.2515988 -0.7847642 -0.6601238 -0.6981538 -0.4348004 -0.1282212 0.2045491 -0.247093 -0.03171441 -0.1089266 -0.07391202 -0.01940283 0.01741836 -0.01082714 -0.3824464
0.06754046 -0.08304835 0.2292779 0.06880213 0.0565869 0.04032086 -0.1719466 0.1595394 0.06744274 0.09629028 0.4671133 0.338176 0.02161142 -0.01803669 -0.4070789
-0.2208552 -0.7647156 -0.7992996 -0.5829681 -0.5309612 -0.1189815 -0.2937444 -0.1989585 -0.0241183 -0.2181568 0.238692 -0.1898846 0.01725787 -0.01063124 -0.04047706
0.0768226 0.589308 0.388953 0.282893 0.0525324 0.04759807 -0.2177689 0.1258917 0.08461701 -0.04094124 0.1285845 0.4116076 0.01912651 -0.01732669 -0.03909338
0.00724455 0.1584983 0.06331113 -0.1660239 0.1532012 -0.09090622 -0.1721308 -0.046903 0.02638907 0.01483059 -0.5709825 0.1972915 0.017292 -0.02373205 0.4916475
0.5325043 0.1064534 0.2775492 0.3898588 0.3387055 -0.04541603 -0.08232521 0.1168738 0.04425043 0.06482617 0.02879764 -0.1421663 0.0304044 -0.01208587 0.310941
0.2205909 -0.5781617 -0.5616627 -0.5923967 -0.4746441 0.01786197 0.05669262 0.02062337 -0.006770235 -0.06344921 -0.3085856 -0.1590079 0.01732117 -0.01077503 0.2950352
0.6554682 1.063771 1.185764 1.183892 1.040125 -0.01611793 0.1744422 0.1295663 0.04073059 0.7899202 0.7471486 -1.689687 0.01733321 -0.01755198 0.1927485
0.3495486 -0.1061452 -0.2785834 -0.3642325 0.01125469 0.1052709 0.04032249 -0.01705993 -0.01144337 0.004719578 0.4331452 0.180846 0.01940821 -0.01203438 -0.6471593
0.3437561 -0.5986827 -0.5088937 -0.3793936 -0.4561467 -0.0403277 -0.0168082 -0.1717127 -0.03341716 -0.1765114 0.006984507 -0.4388856 0.01790438 -0.01038322 0.2593999
1.058556 1.156787 1.320392 0.3271407 0.3382062 0.0116762 0.1789589 0.02713939 0.1601545 0.3790697 -0.03979236 0.740093 0.01858138 -0.05797057 0.1321103
-0.2397909 -0.1430973 0.4435226 0.1833114 0.3023582 -0.03125987 -0.1967726 -0.1115658 -0.02064222 0.03878907 -0.4584504 0.1306788 0.02740474 -0.01839263 -0.03991314
0.2008069 0.6601254 0.6836156 0.6762272 0.04715218 -0.04003804 -0.26124 -0.1149467 0.07403723 0.18919 -0.4398812 0.619528 0.01975503 -0.01230464 -0.1513351
-0.08326844 -0.6249491 -0.645995 -0.5115815 -0.5374675 0.01393442 -0.2907107 -0.1747737 -0.02899488 -0.2374289 -0.02195586 -0.445142 0.0178968 -0.01086602 -0.1442077
0.4081458 -0.1069288 -0.0004440328 -0.1246821 -0.2239694 -0.002789486 -0.1859022 -0.03562058 -0.03249128 -0.02265029 -0.07886942 0.37109 0.01801563 -0.01390437 -0.5847414
-0.04997137 -0.1811066 -0.2985916 -0.2448249 -0.09110205 -0.05643712 -0.090353 -0.01857464 0.007765984 -0.1164992 -0.5847349 0.9046835 0.02569597 -0.02215361 -0.2048354
-0.2989499 -0.4649929 -0.3592847 -0.5398333 -0.447075 0.03921379 -0.1003969 0.08848185 -0.0105319 0.06812686 0.2995939 0.186547 0.02051622 -0.01270863 -0.06824602
0.8486851 -0.3375279 -0.4417538 -0.3861849 -0.20149 0.08017404 -0.1666618 -0.1144701 -0.01971563 -0.04527346 -0.1122428 -0.006169076 0.02112219 -0.01452606 0.3465612
-0.07998744 -0.3356427 -0.2512595 -0.2501162 -0.4103158 -0.06204444 0.1148844 -0.1595887 0.01072027 0.03831641 -0.3856243 0.1646318 0.02364791 -0.01291913 0.7857822
-0.720139 -0.9430511 -0.8020747 -0.7382551 -0.6721313 -0.1382103 -0.5300058 -0.3096537 -0.04862549 -0.2507214 -0.0275699 0.09374539 0.01779331 -0.01056868 0.01250051
